8232296170433754760398837230396591659441662189253669972472894711590191875179655276538564482698933654316293511503409728381101286781428176248527609013655299
3819979209808962339936765767070679065093990502088447407876277372441204789954540667890205981961061284711099159323676288578837530465750278456078260047623986718144133431368129019951174731344671007
916457821561839642352589985673483723160309916047200998312539197466933028971305489951338276770943301330937540999216011688659968589975321163389585544768271194559765275397331899833148528082228281441313496174646489571428832540281399187
290642381954597789269404438240181777804104523348453868277401516299583164578833521241666394072564917518437473242930628952833316518389123835200696831078498321674315588730773098155205107604444898922069527992888421307796965540716436795851373159844864947726389771699781599397
85706847479586290630817785115512254930751397177165536291551444478531048407966462845426817085271086706812377699752177267528531704708335586557366658344327794315600736473446748727936974806921835186501065127666471399209686844158630437534043018003042930712977378121101259303321297695271034000250611631989834956317
33923162829970532628209508658794743278623325582491523811451405589717902125990615138918519628747249520835788945529142561522573896411105127994350467868750324977794544253835853142009430433446018592913452831236353694073700411474786885149906028993450441736835878484429982656806350465290886108846978412733701603148107089493246467770842072209456896378009
6511918567737865766944987203634225361562892080388322705232871562702171674157332226905254596865495667832714949481246245178290260409441525891176739023284779352978789986381555914766852513647878347270148133702508574969041162656286472122630939876833358200757605127929942308973848908281329003512759049371511209697434588641641398610157206102841891494959974638139039812624210741550444298223799
5180998852071001381168144870425852933946003541648675289178226646742700936810040367447115478937408671273677027513038868850832750415599536919826415704363945685401356865086710127434628091099102572691721497671902362664968922421283436039744196910590362138628370704003609203675751759651198113152637875844838748853516139106160306837156461629634916271923219648435041558705199888977745287088697466576985928302242539015398894566396011
1421665148679247347932849906473201060337283820284590674936368217039693894529804820377617927972108148336925677012903649998339150896675267459585626999943724886891835458569600791569175003649026061997948313908365967616102059237531208124203101341777045163079177412512622986854317127117708106716545159395729873062728525779103097746288127215573342052793986741755802294036169926306091748294617393739734006474365006009912959734365768197302083219960309191897494579021093813
348921162177999436479244229154844586060682520706996661500624863904144431883191503765608816320400647455215290431143510392905384488334426728494099775294336641857057573498441990978252928049572955732325936540309994524900794229432755801225997762793098145364134571405175598779968175386662907897997831917979341198310567038004048412988409730663165094507059037043974926488369576303784267797452474915626572060713632582818155082172841208733776223687945882612485281862305711575476173577845975054560979590438884947
119144755460403410305025841757248746160166098839235028563273652766672065785564958263539851500022787584113055758587206534954997722983924036598664437656727342595715826440089794433946129312705193428513893851146235351652309836403202249342313922404049177733421601383771734296335475834294506200874421281490988276185314349004294163396281392039101030941640803757567896236727859245469644914287559149862329887055955864697133586321348821123720120209691922970653260633851580489268551152916267318740679479015429654575785805409954499830688093087390686583
29774077290685371846336046674515571788655566892301751494106016469367161419670254102909067093541839453192047987403195017370155669121126715361760578667818347634036612576546531750587652349568850506435207528928984921350616350039319975051533930625596569007026974810535609080289858641968410484149154859991849833287115355100939813688721329597301299922786110963260106632757034637372198223691107139927947553184783500893169120389992667800058917328677328529710130946128563505387069016070872432280036436588939750344673206568957374373415741039744987913571369291000773162100239800657196619423
17417551761102369937104443559025531708273511765157578096940419098109712251001321677062599621785698295268178186754385860072956614065625459070890118145615985045657583689653701932543749524461454264660610110961165810045026132778907104901098916854940859499771868322547627980745793287967975210663811057960786475115021371877733839918852724172731880508651105251100167677307067193219992786616055084808760705805255326769084384430128157679569335982453529368867159981858404143465517846747459699566526676475437757130088670245766627073915144285920531154541659428811176939207108875496524147950466066181792703840079979026229378033991
