0.0009975433349609375
0.001016855239868164
0.0009851455688476562
0.0009961128234863281
0.0010037422180175781
0.0019965171813964844
0.00301361083984375
0.0029878616333007812
0.004010915756225586
0.005986928939819336
0.009044170379638672
0.019001007080078125
0.020997047424316406
0.02729630470275879
0.0446927547454834
0.1031808853149414
0.07255721092224121
0.12900900840759277
0.21799254417419434
0.43611693382263184
0.8810415267944336
1.271407127380371
1.3698959350585938
3.450599431991577
3.8802967071533203
5.918988466262817
12.556323766708374
25.679136753082275
25.197476625442505
57.440349102020264
85.22788596153259
110.7653558254242
289.2048661708832
579.9290931224823
601.6746022701263
900.5729467868805
1149.053825378418
3371.614115715027
3788.062111377716
