165166931239406559283743746874823823
119214186311875936755936343069031671
32997597115625724868797277915019327327
25224908098149418345896165529493785607
566568553911688377258105418537753469321480260025089022055923218873476047675509350891201523369318183
784995155575271936813008247534490834368965058485008520858900658508927693863938431975594991378746071
13197565751441906497399831674924347015963373687798505058320794426131849481539
9495830890157043255084399680989715182424784442350562518358045973944531943029
11329856465194502484833767511575083898578841741178129273110777392255269
12536657562087285382538425798439727160348572719811712813241563365054491
9956765566626644252359029192203613337721350560219844442015329344483847526189
11508063501495705407106255232032749862870799292661331715212175807443175970299
